[gd_scene load_steps=3 format=3 uid="uid://d381y0v3apeo3"]

[ext_resource type="Script" path="res://modules/module.gd" id="1_oyfcv"]
[ext_resource type="Script" path="res://addons/snap_to_surface/module_anchor.gd" id="2_uju8l"]

[node name="ModuleRectangleOmni" type="Node3D"]
script = ExtResource("1_oyfcv")

[node name="CSGCombiner3D" type="CSGCombiner3D" parent="."]
use_collision = true

[node name="CSGBox3D0" type="CSGBox3D" parent="CSGCombiner3D"]

[node name="CSGBox3D1" type="CSGBox3D" parent="CSGCombiner3D"]
transform = Transform3D(0.5, -0.5, 0.707107, -0.5, 0.5, 0.707107, -0.707107, -0.707107, -3.09086e-08, -0.5, 0.5, 0.5)
size = Vector3(0.5, 0.5, 0.5)

[node name="CSGBox3D2" type="CSGBox3D" parent="CSGCombiner3D"]
transform = Transform3D(-0.5, -0.5, -0.707107, 0.5, 0.5, -0.707107, 0.707107, -0.707107, -3.09086e-08, -0.5, 0.5, -0.5)
size = Vector3(0.5, 0.5, 0.5)

[node name="CSGBox3D3" type="CSGBox3D" parent="CSGCombiner3D"]
transform = Transform3D(0.5, 0.5, 0.707107, 0.5, 0.5, -0.707107, -0.707107, 0.707107, -3.09086e-08, 0.5, 0.5, -0.5)
size = Vector3(0.5, 0.5, 0.5)

[node name="CSGBox3D4" type="CSGBox3D" parent="CSGCombiner3D"]
transform = Transform3D(0.5, 0.5, 0.707107, 0.5, 0.5, -0.707107, -0.707107, 0.707107, -3.09086e-08, 0.5, 0.5, 0.5)
size = Vector3(0.5, 0.5, 0.5)

[node name="@Area3D@25181" type="Area3D" parent="CSGCombiner3D" groups=["anchor"]]
transform = Transform3D(-0.707107, -0.5, -0.5, -0.707107, 0.5, 0.5, 5.96046e-07, 0.707106, -0.707107, -0.625, 0.625, -0.676777)
script = ExtResource("2_uju8l")

[node name="@Area3D@25183" type="Area3D" parent="CSGCombiner3D" groups=["anchor"]]
transform = Transform3D(-0.5, -0.707106, 0.5, -0.5, 0.707107, 0.5, -0.707107, -1.19209e-07, -0.707107, 0.625, 0.625, -0.676777)
script = ExtResource("2_uju8l")

[node name="@Area3D@25185" type="Area3D" parent="CSGCombiner3D" groups=["anchor"]]
transform = Transform3D(0.707106, 0.5, 0.5, -0.707107, 0.5, 0.5, -1.19209e-07, -0.707107, 0.707107, 0.625, 0.625, 0.676777)
script = ExtResource("2_uju8l")

[node name="@Area3D@25187" type="Area3D" parent="CSGCombiner3D" groups=["anchor"]]
transform = Transform3D(0.5, 0.707107, -0.5, -0.499999, 0.707107, 0.500001, 0.707107, -5.36442e-07, 0.707107, -0.625, 0.625, 0.676777)
script = ExtResource("2_uju8l")
