[gd_scene load_steps=3 format=3 uid="uid://bt4255oyc88lb"]

[ext_resource type="Script" path="res://modules/module.gd" id="1_togr4"]
[ext_resource type="Script" path="res://addons/snap_to_surface/module_anchor.gd" id="2_oxkna"]

[node name="ModuleRectangleOmni" type="Node3D"]
transform = Transform3D(-4.37114e-08, -1, 0, 1, -4.37114e-08, 0, 0, 0, 1, 0, 0, 0)
script = ExtResource("1_togr4")

[node name="CSGCombiner3D" type="CSGCombiner3D" parent="."]

[node name="CSGBox3D0" type="CSGBox3D" parent="CSGCombiner3D"]

[node name="CSGBox3D1" type="CSGBox3D" parent="CSGCombiner3D"]
transform = Transform3D(0.707107, 0, -0.707107, 0, 1, 0, 0.707107, 0, 0.707107, -0.5, 0, 0.5)
size = Vector3(0.5, 0.5, 0.5)

[node name="CSGBox3D2" type="CSGBox3D" parent="CSGCombiner3D"]
transform = Transform3D(0.707107, 0, 0.707107, 0, 1, 0, -0.707107, 0, 0.707107, -0.5, 0, -0.5)
size = Vector3(0.5, 0.5, 0.5)

[node name="CSGBox3D3" type="CSGBox3D" parent="CSGCombiner3D"]
transform = Transform3D(0.707107, 0, 0.707107, 0, 1, 0, -0.707107, 0, 0.707107, 0.5, 0, -0.5)
size = Vector3(0.5, 0.5, 0.5)

[node name="CSGBox3D4" type="CSGBox3D" parent="CSGCombiner3D"]
transform = Transform3D(0.707107, 0, 0.707107, 0, 1, 0, -0.707107, 0, 0.707107, 0.5, 0, 0.5)
size = Vector3(0.5, 0.5, 0.5)

[node name="@Area3D@24743" type="Area3D" parent="CSGCombiner3D" groups=["anchor"]]
transform = Transform3D(-0.707107, 0, 0.707107, 0, 1, 0, -0.707107, 0, -0.707107, 0.676777, 2.19464e-10, -0.676777)
script = ExtResource("2_oxkna")

[node name="@Area3D@24745" type="Area3D" parent="CSGCombiner3D" groups=["anchor"]]
transform = Transform3D(0.707107, 1.74578e-08, 0.707107, 1.74578e-08, 1, -4.21468e-08, -0.707107, 4.21468e-08, 0.707107, 0.676777, -1.46817e-08, 0.676777)
script = ExtResource("2_oxkna")

[node name="@Area3D@24747" type="Area3D" parent="CSGCombiner3D" groups=["anchor"]]
transform = Transform3D(0.707107, 6.98312e-08, -0.707107, 6.98312e-08, 1, 1.68587e-07, 0.707107, -1.68587e-07, 0.707107, -0.676777, 1.46817e-08, 0.676777)
script = ExtResource("2_oxkna")

[node name="@Area3D@24749" type="Area3D" parent="CSGCombiner3D" groups=["anchor"]]
transform = Transform3D(-0.707107, 0, -0.707107, 0, 1, 0, 0.707107, 0, -0.707107, -0.676777, -2.19464e-10, -0.676777)
script = ExtResource("2_oxkna")
